Second,Ino,Transactions
0,1251145,30
0,34128,30
0,1287629,3
0,1287633,3
0,1284592,3
0,8388611,6
1,31612,6
1,34128,36
2,31612,6
2,34128,12
3,31612,6
4,31612,6
4,34128,48
4,4026532516,3
4,4026532788,3
5,31612,6
5,34128,102
6,34128,120
6,31612,6
7,34128,78
7,31612,6
8,31612,6
8,34128,12
9,31612,6
9,34128,54
10,31612,6
11,31612,6
12,31612,6
13,31612,6
14,31612,6
14,4026532573,3
14,4026532555,3
14,4026531962,3
14,4026532788,3
15,31612,6
16,31612,6
17,31612,6
18,31612,6
18,34128,282
18,1638477,6
18,302462,3
19,34128,30
19,31612,6
20,34128,36
20,31612,6
21,31612,6
21,34128,18
22,34128,54
22,31612,6
23,31612,6
23,34128,36
23,8388611,1
24,8388611,10
24,31612,6
25,31612,6
26,31612,6
26,34128,12
26,1811938,17
26,1811921,15
26,1811933,14
26,1811934,22
26,1811931,72
26,1811937,19
26,1811935,11
26,8388611,22
26,1811936,37311
27,1811936,180121
27,1251146,6730
27,1251148,27
27,31612,6
27,1251152,1334
27,1251155,6
28,1811936,144516
28,31612,6
28,1251146,5393
28,1251148,24
29,1811936,122766
29,31612,6
29,1251146,5402
29,1251148,24
30,1811936,99657
30,31612,6
30,1251146,4017
30,1251148,26
30,32424,12
30,1251145,3
30,1251152,3
30,1251155,6
31,1811936,98732
31,31612,6
31,1251146,4014
31,1251148,18
31,32424,12
31,8388611,10
32,1811936,109318
32,1811921,3
32,1811931,3
32,1811933,3
32,1811934,3
32,1811935,3
32,1811937,3
32,31612,6
32,1251146,4026
32,1251148,18
33,1811936,116972
33,1251146,5405
33,1251148,24
33,31612,6
33,1251152,1334
33,1251155,8
34,1811936,105511
34,31612,6
34,1251146,4050
34,1251148,18
34,32424,6
34,4026532516,3
35,1811936,96110
35,1251146,4050
35,1251148,18
35,31612,6
35,32424,6
36,1811936,95377
36,1251146,4242
36,1251148,18
36,31612,6
37,1811936,98642
37,1251146,4152
37,1251148,18
37,31612,6
37,32424,12
38,1811936,92313
38,1251146,4218
38,1251148,18
38,31612,6
39,1811936,30922
39,31612,6
39,1811931,28
39,1811938,40286
39,1811939,30378
39,1251146,2677
39,1251148,12
39,1251152,1340
39,8388611,2
39,1251155,6
39,1811940,14
39,1811941,8
39,1811935,3
39,1811934,3
40,1811938,47529
40,31612,6
40,1251146,2746
40,1251148,12
40,32424,12
41,1811938,46986
41,31612,6
41,1251146,1400
41,1251148,6
42,1811938,45549
42,31612,6
42,1251146,1418
42,1251148,6
43,1811938,42257
43,1251146,2725
43,1251148,12
43,31612,6
43,32424,12
44,1811938,36932
44,31612,6
44,8388611,2
44,1251146,1334
44,1251148,6
45,1811938,37716
45,31612,6
45,1506713,29
45,44579,3
45,1211,3
45,44574,3
45,302462,142
45,301003,14
45,300421,26
45,1811934,12
45,1811935,20
45,44604,6
45,1811936,5
45,1811942,5
45,44607,6
45,293117,313
45,44613,6
45,44616,6
45,44622,6
45,44625,6
45,44628,6
45,44631,6
45,44634,6
45,44640,6
45,44646,6
45,44649,6
45,44652,6
45,42345,3
45,43535,3
45,43059,3
45,54008,3
45,42583,3
45,42106,3
45,43773,3
45,43297,3
45,42821,3
45,53970,3
45,1533,3
45,44655,6
45,44658,6
45,44663,6
45,44666,6
45,45510,6
45,45509,6
45,44689,6
45,44695,6
45,44711,6
45,301097,3
45,1572,3
45,1573,3
45,44729,6
45,1251152,1337
45,1251155,6
45,1251146,1331
45,1251148,6
46,1811938,41527
46,31612,6
46,1251146,1331
46,1251148,6
46,32424,12
47,1811938,43839
47,31612,6
47,1251146,2668
47,1251148,12
48,1811938,42602
48,31612,6
48,1251146,1331
48,1251148,6
49,1811938,41877
49,31612,6
49,1251146,1331
49,1251148,6
49,8388611,48
50,1811938,42892
50,31612,6
50,1251146,2662
50,1251148,17
50,301003,3
50,300421,3
50,293117,6
50,301097,3
51,1811938,42000
51,31612,6
51,1251146,1334
51,1251148,6
52,1811938,41749
52,31612,6
52,1251146,1334
52,1251148,6
53,1811938,41853
53,31612,6
53,1251146,1331
53,1251148,6
54,1811938,41845
54,31612,6
54,1251146,1334
54,1251148,6
54,8388611,3
55,1811938,45415
55,1251146,2665
55,1251148,12
55,31612,6
56,1811938,42347
56,31612,6
56,1251146,1334
56,1251148,6
57,1811938,44827
57,31612,6
57,1251146,2665
57,1251148,12
57,1811931,3
57,1811939,3
57,1811940,3
57,1811941,3
58,1811938,41847
58,31612,6
58,1251146,1334
58,1251148,6
59,1811938,41432
59,31612,6
59,1251146,1334
59,1251148,6
59,8388611,1
60,1811938,42222
60,31612,6
60,1251146,1334
60,1251148,6
61,1811938,43082
61,31612,6
61,1251146,2668
61,1251148,20
62,1811938,40892
62,31612,6
62,1251146,1334
62,1251148,6
63,1811938,40102
63,31612,6
63,1251146,1334
63,1251148,6
64,1811938,36938
64,31612,6
64,1251146,1334
64,1251148,6
64,1251152,1400
64,1251155,6
64,8388611,18
65,1811938,37920
65,31612,6
65,1251146,1331
65,1251148,6
66,1811938,36745
66,1251146,2668
66,1251148,12
66,31612,6
66,1251152,3
66,1251155,3
67,1811938,37258
67,31612,6
67,1251146,1337
67,1251148,6
68,1811938,38265
68,31612,6
68,1251146,1331
68,1251148,6
69,1811938,38707
69,31612,6
69,1251146,1331
69,1251148,6
70,1811938,42697
70,31612,6
70,1251146,1334
70,1251148,6
71,1811938,41497
71,31612,6
71,1251146,2665
71,1251148,12
72,1811938,43777
72,31612,6
72,1251146,1331
72,1251148,6
73,1811938,31329
73,34128,192
73,31612,6
73,1251146,1331
73,1251148,6
73,1811931,8
73,1811934,2419
73,1811935,6898
74,1811935,23485
74,1811934,25474
74,31612,6
74,1251152,1373
74,1251155,8
74,8388611,12
74,1811931,20
74,1811940,8
74,1811938,12
74,1251146,1334
74,1251148,6
75,1811934,27534
75,31612,6
75,1251146,1334
75,1251148,6
76,1811934,28294
76,302462,3
76,31612,6
77,1811934,26269
77,1251146,1334
77,1251148,6
77,31612,6
78,1811934,26074
78,31612,6
78,1251146,1334
78,1251148,6
79,1811934,25322
79,31612,6
79,8388611,6
79,1251146,1334
79,1251148,6
80,1811934,26519
80,31612,6
80,1251146,1331
80,1251148,6
81,1811934,28766
81,31612,6
81,1251146,1334
81,1251148,6
82,1811934,29309
82,31612,6
83,1811934,26934
83,1251146,1331
83,1251148,6
83,31612,6
84,1811934,27694
84,31612,6
84,1251146,1334
84,1251148,6
85,1811934,28576
85,31612,6
85,1251146,1334
85,1251148,6
86,1811934,28484
86,31612,6
86,1251146,1331
86,1251148,6
87,1811934,29116
87,31612,6
87,1251146,1334
87,1251148,6
88,1811934,25477
88,31612,6
88,1251146,1334
88,1251148,6
89,1811934,27789
89,31612,6
90,1811934,26041
90,31612,6
90,1251146,1334
90,1251148,6
91,1811934,27580
91,31612,6
91,1251146,1331
91,1251148,6
91,1251152,1352
91,1251155,6
92,1811934,27564
92,31612,6
92,1251146,1337
92,1251148,11
93,1811934,27590
93,31612,6
93,1251146,1331
93,1251148,6
94,1811934,27914
94,31612,6
95,1811934,28329
95,1251146,1331
95,1251148,6
95,31612,6
95,8388611,1
96,1811934,28861
96,31612,6
96,1251146,1331
96,1251148,6
97,1811934,27596
97,31612,6
97,1251146,1334
97,1251148,6
98,1811934,28076
98,31612,6
98,1251146,1331
98,1251148,6
98,1811931,3
98,1811935,3
98,1811940,3
99,1811934,28009
99,31612,6
99,8388611,8
99,1251146,1331
99,1251148,6
100,1811934,29906
100,31612,6
100,1251146,1331
100,1251148,6
101,1811934,27379
101,31612,6
101,1251146,1331
101,1251148,6
102,1811934,27564
102,31612,6
103,1811934,29452
103,31612,6
103,1251146,1331
103,1251148,6
104,1811934,27928
104,31612,6
104,1251146,1334
104,1251148,6
104,302287,5
104,8388611,20
104,301013,3
105,1811934,28226
105,31612,6
105,1251146,1331
105,1251148,6
106,1811934,30924
106,31612,6
106,1251146,1331
106,1251148,11
107,1811934,31078
107,31612,6
107,1251152,3
107,1251155,3
107,1251146,1331
107,1251148,6
108,1811934,30802
108,31612,6
108,1251146,1331
108,1251148,6
109,1811934,29054
109,31612,6
109,1251146,1334
109,1251148,6
110,1811934,28736
110,31612,6
110,1251146,1331
110,1251148,6
111,1811934,30012
111,31612,6
111,1251146,1331
111,1251148,6
112,1811934,29933
112,31612,6
113,1811934,29727
113,31612,6
113,1251146,1334
113,1251148,6
114,1811934,29583
114,31612,6
114,1251146,1331
114,1251148,6
115,1811934,27922
115,31612,6
115,1251146,1331
115,1251148,6
116,1811934,29054
116,31612,6
116,1251146,1331
116,1251148,6
117,1811934,28291
117,31612,6
117,1251146,1331
117,1251148,6
118,1811934,31936
118,31612,6
118,1251146,1331
118,1251148,6
118,1251152,1337
118,1251155,8
119,1811934,28745
119,31612,6
119,8388611,4
119,1251146,1334
119,1251148,6
120,1811934,29051
120,31612,6
120,1251146,1331
120,1251148,6
121,1811934,30161
121,31612,6
122,1811934,32571
122,31612,6
122,1251146,1337
122,1251148,12
123,1811934,28258
123,31612,6
123,1251146,1331
123,1251148,8
124,1811934,28178
124,31612,6
124,1251146,1334
124,1251148,6
125,1811934,5185
125,31612,6
125,1811931,23
125,1811936,20648
125,1811938,30398
125,1251146,1343
125,1251148,6
125,8388611,10
125,1811940,8
125,1251152,1337
125,1251155,6
126,1811936,22972
126,31612,6
126,1251146,1334
126,1251148,6
127,1811936,23707
127,31612,6
128,1811936,21550
128,1251146,1334
128,1251148,6
128,31612,6
129,1811936,22912
129,31612,6
129,1251146,1334
129,1251148,6
130,1811936,21802
130,8388611,29
130,31612,6
131,1811936,22722
131,31612,6
131,1251146,1334
131,1251148,6
132,1811936,21965
132,31612,6
132,1251146,1334
132,1251148,6
133,1811936,21452
133,31612,6
134,1811936,21520
134,31612,6
134,1251146,1331
134,1251148,6
135,1811936,21962
135,31612,6
135,302287,3
135,1251146,1334
135,1251148,6
136,1811936,22372
136,31612,6
137,1811936,22277
137,1251146,1334
137,1251148,6
137,31612,6
138,1811936,22440
138,31612,6
138,1251146,1331
138,1251148,6
139,1811936,22087
139,31612,6
140,1811936,22247
140,1251146,1331
140,1251148,6
140,31612,6
141,1811936,22627
141,31612,6
141,1251146,1331
141,1251148,6
142,1811936,23007
142,31612,6
142,1251146,1334
142,1251148,6
143,1811936,22215
143,31612,6
144,1811936,20662
144,31612,6
144,1251146,1331
144,1251148,6
145,1811936,22090
145,31612,6
146,1811936,21772
146,1251146,1334
146,1251148,6
146,31612,6
147,1811936,23607
147,31612,6
147,1251146,1334
147,1251148,6
148,1811936,22657
148,31612,6
148,1251146,1334
148,1251148,6
149,1811936,22694
149,31612,6
149,1811931,3
149,1811938,3
149,1811940,3
150,1811936,21900
150,31612,6
150,1251146,1331
150,1251148,6
151,1811936,22502
151,31612,6
151,1251146,1334
151,1251148,6
152,1811936,21639
152,31612,6
153,1811936,21710
153,31612,6
153,1251146,1334
153,1251148,9
153,1251152,3
153,1251155,3
154,1811936,21134
154,31612,6
154,1251146,1334
154,1251148,8
154,302462,5
154,8388611,2
155,1811936,21327
155,31612,6
156,1811936,21514
156,31612,6
156,1251146,1331
156,1251148,6
157,1811936,21582
157,31612,6
157,1251146,1334
157,1251148,6
157,1251152,1334
157,1251155,8
158,1811936,23577
158,31612,6
159,1811936,22209
159,31612,6
159,1251146,1331
159,1251148,6
160,1811936,23336
160,31612,6
160,1251146,1334
160,1251148,6
161,1811936,24619
161,31612,6
161,8388611,1
162,1811936,20505
162,31612,6
162,1251146,1334
162,1251148,6
163,1811936,22467
163,31612,6
163,1251146,1334
163,1251148,6
164,1811936,21959
164,31612,6
164,8388611,8
165,1811936,22024
165,31612,6
165,1251146,1331
165,1251148,6
166,1811936,22315
166,31612,6
166,1251146,1334
166,1251148,6
167,1811936,23859
167,31612,6
168,1811936,25346
168,1251146,1331
168,1251148,6
168,31612,6
169,1811936,24524
169,31612,6
169,1251146,1331
169,1251148,6
170,1811936,24691
170,31612,6
170,1251146,1331
170,1251148,6
171,1811936,27086
171,31612,6
171,1251146,1331
171,1251148,6
172,1811936,26994
172,31612,6
173,1811936,23419
173,31612,6
173,1251146,1334
173,1251148,6
174,1811936,23574
174,31612,6
174,1251146,1331
174,1251148,6
175,1811936,24999
175,31612,6
176,1811936,26774
176,1251146,1331
176,1251148,6
176,31612,6
177,1811936,26106
177,31612,6
177,1251146,1331
177,1251148,6
178,1811936,23919
178,31612,6
178,1251146,1334
178,1251148,6
179,1811936,24019
179,31612,6
179,1251146,1334
179,1251148,6
180,1811936,23259
180,31612,6
181,1811936,23257
181,31612,6
181,1251146,1334
181,1251148,6
182,1811936,24711
182,31612,6
182,1251146,1334
182,1251148,11
183,1811936,27344
183,31612,6
183,1251146,1331
183,1251148,6
184,1811936,26741
184,31612,6
184,8388611,2
185,1811936,26304
185,1251146,1334
185,1251148,12
185,31612,6
185,302462,3
186,1811936,24589
186,31612,6
186,1251146,1334
186,1251148,8
187,1811936,24747
187,31612,6
187,1251146,1334
187,1251148,6
188,1811936,7617
188,31612,6
188,1811931,31
188,1811934,11982
188,1811942,30418
188,1251152,2665
188,1251155,12
188,8388611,20
188,1811940,8
188,1811943,25705
189,1811934,28641
189,1811943,40188
189,31612,6
189,1251146,1331
189,1251148,6
189,1251152,1334
189,1251155,6
189,8388611,4
189,1811931,17
189,1811940,8
190,1811934,39687
190,31612,6
190,1251146,2662
190,1251148,12
190,1251152,3
190,1251155,3
191,1811934,38811
191,31612,6
191,1251146,1331
191,1251148,6
192,1811934,37786
192,31612,6
192,1251146,1337
192,1251148,6
193,1811934,37567
193,31612,6
193,1251146,1331
193,1251148,6
194,1811934,37847
194,31612,6
194,1251146,1334
194,1251148,6
195,1811934,36875
195,31612,6
195,1251146,1334
195,1251148,6
195,8388611,1
196,1811934,38030
196,31612,6
196,1251146,1331
196,1251148,6
196,1251152,1331
196,1251155,8
197,1811934,36925
197,1251146,2662
197,1251148,12
197,31612,6
198,1811934,33167
198,31612,6
198,1251146,1331
198,1251148,6
199,1811934,33311
199,31612,6
199,8388611,16
199,1251146,1334
199,1251148,6
200,1811934,37724
200,31612,6
200,1251146,1331
200,1251148,6
201,1811934,34465
201,31612,6
201,1251146,1334
201,1251148,6
202,1811934,34201
202,31612,6
202,1251146,1334
202,1251148,6
203,1811934,35347
203,31612,6
203,1251146,1331
203,1251148,6
204,1811934,33414
204,31612,6
204,1251146,1334
204,1251148,6
205,1811934,34468
205,31612,6
205,1251146,1334
205,1251148,6
206,1811934,34367
206,31612,6
206,1251146,1331
206,1251148,6
207,1811934,33610
207,31612,6
207,1251146,1331
207,1251148,6
208,1811934,34937
208,31612,6
208,1251146,1331
208,1251148,6
209,1811934,35030
209,31612,6
209,1251146,1334
209,1251148,6
210,1811934,35100
210,31612,6
210,1251146,1334
210,1251148,6
211,1811934,35105
211,1251146,1334
211,1251148,6
211,31612,6
211,1811931,3
211,1811942,3
211,1811940,3
211,1811943,3
212,1811934,34486
212,31612,6
212,1251146,1334
212,1251148,6
213,1811934,36392
213,31612,6
213,1251146,2668
213,1251148,12
214,1811934,36610
214,31612,6
214,8388611,2
214,1251146,839
215,1811934,35350
215,1251146,1826
215,1251148,12
215,31612,6
216,1811934,34709
216,31612,6
216,1251146,1331
216,1251148,6
217,1811934,36813
217,31612,6
217,1251146,1331
217,1251148,6
218,1811934,35946
218,31612,6
218,1251146,1331
218,1251148,6
219,1811934,36804
219,31612,6
219,1251146,1334
219,1251148,6
219,1251152,1331
219,1251155,6
220,1811934,37995
220,31612,6
220,1251146,1331
220,1251148,6
221,1811934,35801
221,31612,6
221,1251146,1334
221,1251148,9
222,1811934,35884
222,31612,6
222,1251146,1331
222,1251148,8
223,1811934,36243
223,31612,6
223,1251146,2662
223,1251148,12
224,1811934,34720
224,31612,6
224,1251146,1331
224,1251148,6
225,1811934,37567
225,31612,6
225,1251146,1334
225,1251148,6
226,1811934,36668
226,31612,6
226,1251152,3
226,1251155,3
226,1251146,1331
226,1251148,6
227,1811934,34625
227,31612,6
227,1251146,1334
227,1251148,6
228,1811934,36080
228,31612,6
228,1251146,1334
228,1251148,6
229,1811934,7993
229,31612,6
229,1811931,28
229,1811936,23860
229,1811944,30388
229,1251146,1340
229,1251148,6
229,1251152,1337
229,1251155,8
229,8388611,12
229,1811940,8
229,1811942,3
229,1811938,3
229,1811935,3
229,1811939,3
230,1811936,30131
230,31612,6
230,8388611,1
230,1251146,1331
230,1251148,6
231,1811936,28389
231,31612,6
231,1251146,1331
231,1251148,6
232,1811936,28484
232,31612,6
232,1251146,1334
232,1251148,6
233,1811936,28516
233,31612,6
233,1251146,1331
233,1251148,6
234,1811936,28959
234,31612,6
234,8388611,26
235,1811936,27914
235,31612,6
235,1251146,1331
235,1251148,6
236,1811936,26839
236,31612,6
236,1251146,1334
236,1251148,6
237,1811936,25759
237,31612,6
237,1251146,1331
237,1251148,6
238,1811936,25441
238,31612,6
238,1251146,1331
238,1251148,11
239,1811936,23675
239,31612,6
239,34128,222
240,1811936,24610
240,34128,120
240,31612,6
240,1251146,1331
240,1251148,6
241,1811936,24254
241,31612,6
241,1251146,1331
241,1251148,6
242,1811936,23452
242,31612,6
242,1251146,1334
242,1251148,6
243,1811936,25094
243,31612,6
244,1811936,26744
244,31612,6
244,1251146,1331
244,1251148,6
245,1811936,26454
245,31612,6
245,1251146,1331
245,1251148,6
246,1811936,25667
246,31612,6
246,1251146,1334
246,1251148,6
247,1811936,27034
247,1811931,3
247,1811944,3
247,1811940,3
247,31612,6
248,1811936,25509
248,1251146,1331
248,1251148,6
248,1251152,1331
248,1251155,6
248,31612,6
249,1811936,26424
249,31612,6
249,1251146,1331
249,1251148,6
249,8388611,4
250,1811936,25287
250,31612,6
250,1251146,1331
250,1251148,6
251,1811936,24367
251,31612,6
251,1251146,1331
251,1251148,6
252,1811936,23669
252,31612,6
252,1251146,3
252,1251148,6
253,1811936,24307
253,31612,6
253,1251146,1334
253,1251148,8
254,1811936,26869
254,31612,6
254,1251146,1331
254,1251148,6
254,8388611,4
255,1811936,25162
255,31612,6
255,1251146,1331
255,1251148,6
256,1811936,25409
256,31612,6
257,1811936,25797
257,1251146,1331
257,1251148,6
257,31612,6
258,1811936,24174
258,31612,6
258,1251146,1334
258,1251148,6
259,1811936,23547
259,31612,6
259,1251146,1331
259,1251148,6
260,1811936,24589
260,31612,6
261,1811936,27024
261,1251146,1331
261,1251148,6
261,31612,6
262,1811936,24411
262,31612,6
262,1251146,1331
262,1251148,6
262,1251152,3
262,1251155,3
263,1811936,26174
263,31612,6
263,34128,120
263,1251146,1331
263,1251148,6
264,1811936,26584
264,31612,6
264,34128,252
264,1251146,1334
264,1251148,6
265,1811936,23227
265,31612,6
265,34128,180
265,8388611,1
266,1811936,23357
266,34128,180
266,31612,6
266,1251146,1334
266,1251148,6
267,1811936,25833
267,34128,330
267,31612,6
267,1251146,1334
267,1251148,6
268,1811936,27024
268,34128,276
268,31612,6
268,1251146,1331
268,1251148,6
269,1811936,24942
269,34128,120
269,31612,6
269,8388611,10
270,1811936,27944
270,1251146,1331
270,1251148,6
270,31612,6
271,1811936,28671
271,31612,6
271,1251146,1331
271,1251148,6
272,1811936,27735
272,31612,6
272,1251146,1331
272,1251148,6
273,1811936,27919
273,31612,6
273,1251146,1331
273,1251148,6
274,1811936,29936
274,31612,6
274,1251146,1331
274,1251148,6
275,1811936,28329
275,31612,6
275,1251146,1331
275,1251148,6
276,1811936,29461
276,31612,6
277,1811936,28340
277,1251146,1331
277,1251148,6
277,1251152,1334
277,1251155,8
277,31612,6
278,1811936,26079
278,31612,6
278,1251146,1334
278,1251148,6
279,1811936,27629
279,31612,6
279,1251146,1334
279,1251148,6
279,8388611,6
280,1811936,29971
280,31612,6
280,1251146,1334
280,1251148,6
281,1811936,29176
281,31612,6
281,1251146,1331
281,1251148,6
282,1811936,32457
282,31612,6
282,1251146,1331
282,1251148,6
283,1811936,30096
283,31612,6
283,1251146,1334
283,1251148,6
284,1811936,1321
284,1811931,28
284,1811934,23983
284,1811935,30418
284,31612,6
284,8388611,10
284,1811940,8
284,1251152,1331
284,1251155,6
284,1251146,1331
284,1251148,6
285,1811934,22817
285,31612,6
286,1811934,23227
286,31612,6
286,1251146,1331
286,1251148,6
287,1811934,22850
287,31612,6
287,1251146,1331
287,1251148,6
288,1811934,23547
288,1251146,3
288,1251148,3
288,31612,6
289,1811934,22232
289,31612,6
289,1251146,1334
289,1251148,8
289,8388611,4
290,1811934,22892
290,31612,6
290,1251146,1334
290,1251148,6
291,1811934,22407
291,31612,6
292,1811934,22592
292,31612,6
292,1251146,1334
292,1251148,6
293,1811934,23292
293,31612,6
293,1251146,1331
293,1251148,6
294,1811934,23292
294,31612,6
295,1811934,23167
295,31612,6
295,1251146,1331
295,1251148,6
296,1811934,21300
296,31612,6
296,1251146,1334
296,1251148,6
297,1811934,22372
297,31612,6
298,1811934,22817
298,1251146,1331
298,1251148,6
298,31612,6
298,34128,66
299,1811934,21835
299,34128,312
299,31612,6
299,1251146,1331
299,1251148,6
300,1811934,22057
300,34128,276
300,31612,6
300,8388611,1
301,1811934,22022
301,34128,156
301,1251146,1331
301,1251148,6
301,31612,6
302,1811934,21133
302,34128,246
302,31612,6
302,1251146,1331
302,1251148,6
303,1811934,23255
303,34128,168
303,31612,6
303,1811931,3
303,1811935,3
303,1811940,3
303,1251146,1331
303,1251148,6
304,1811934,21071
304,34128,210
304,31612,6
304,8388611,10
305,1811934,22630
305,34128,294
305,31612,6
305,1251146,1334
305,1251148,6
306,1811934,22019
306,34128,120
306,31612,6
307,1811934,22752
307,1251146,1331
307,1251148,6
307,31612,6
308,1811934,22817
308,31612,6
308,1251146,1334
308,1251148,6
308,1251152,3
308,1251155,3
309,1811934,22120
309,31612,6
309,1251146,1331
309,1251148,6
310,1811934,23764
310,31612,6
311,1811934,24182
311,31612,6
311,1251146,1331
311,1251148,6
311,1251152,1334
311,1251155,8
312,1811934,24877
312,31612,6
312,1251146,1331
312,1251148,6
313,1811934,24299
313,31612,6
313,1251146,1331
313,1251148,11
314,1811934,24182
314,31612,6
314,8388611,6
315,1811934,24147
315,31612,6
315,1251146,1331
315,1251148,6
316,1811934,23662
316,31612,6
316,1251146,1331
316,1251148,6
317,1811934,24252
317,31612,6
318,1811934,24502
318,1251146,1331
318,1251148,6
318,31612,6
319,1811934,23862
319,31612,6
319,1251146,1331
319,1251148,6
320,1811934,24557
320,31612,6
320,1251146,1331
320,1251148,6
321,1811934,23767
321,31612,6
322,1811934,26074
322,1251146,1331
322,1251148,6
322,31612,6
323,1811934,27949
323,31612,6
323,1251146,1334
323,1251148,12
324,1811934,27219
324,31612,6
324,8388611,4
324,1251146,1331
324,1251148,8
325,1811934,25059
325,31612,6
325,1251146,1331
325,1251148,6
326,1811934,25637
326,31612,6
327,1811934,24619
327,31612,6
327,1251146,1331
327,1251148,6
328,1811934,24972
328,31612,6
328,1251146,1331
328,1251148,6
329,1811934,24402
329,31612,6
329,1251146,1334
329,1251148,6
330,1811934,24999
330,31612,6
331,1811934,23262
331,1251146,1334
331,1251148,6
331,31612,6
331,34128,72
332,1811934,21862
332,34128,252
332,31612,6
332,1251146,1331
332,1251148,6
332,32424,12
333,1811934,22380
333,34128,120
333,31612,6
333,32424,12
333,1251146,1334
333,1251148,6
334,1811934,23292
334,31612,6
334,34128,174
334,8388611,1
335,1811934,24649
335,34128,120
335,31612,6
335,1251146,1334
335,1251148,6
336,1811934,22630
336,31612,6
336,34128,102
336,1251146,1334
336,1251148,6
337,1811934,21864
337,34128,276
337,31612,6
338,1811934,22527
338,34128,132
338,31612,6
338,1251146,1334
338,1251148,6
339,1811934,24757
339,34128,138
339,31612,6
339,8388611,10
339,1251146,1331
339,1251148,6
340,1811934,25634
340,34128,42
340,31612,6
340,1251146,1334
340,1251148,6
341,1811934,23322
341,31612,6
342,1811934,23322
342,31612,6
342,1251146,1334
342,1251148,6
342,1251152,1334
342,1251155,6
342,34128,84
343,1811934,22722
343,34128,246
343,31612,6
343,1251146,1334
343,1251148,6
344,34128,168
344,1811934,22942
344,31612,6
344,8388611,6
344,1251152,3
344,1251155,3
345,1811934,22095
345,34128,204
345,31612,6
345,1251146,1334
345,1251148,6
346,1811934,10872
346,34128,216
346,31612,6
346,1811931,28
346,1811936,9989
346,1811938,30433
346,1251146,1331
346,1251148,6
346,1251152,1331
346,1251155,8
346,8388611,12
346,1811940,8
347,1811936,17762
347,34128,216
347,31612,6
347,44832,6
347,68,3
347,112,6
347,307540,68
347,300421,8
347,8388611,8
347,44856,6
347,45782,6
348,34128,234
348,1811936,20125
348,31612,6
348,307540,3
348,1251146,1334
348,1251148,6
349,1811936,18415
349,34128,288
349,31612,6
350,1811936,17753
350,34128,288
350,31612,6
350,1251146,1334
350,1251148,6
351,1811936,19905
351,34128,216
351,31612,6
351,1251146,1334
351,1251148,6
352,1811936,19525
352,34128,114
352,31612,6
353,1811936,22627
353,34128,12
353,300421,3
353,307540,3
353,32424,18
353,31612,6
353,1251146,1331
353,1251148,6
354,1811936,22592
354,31612,6
354,1251146,1337
354,1251148,11
355,1811936,20605
355,31612,6
356,1811936,20950
356,31612,6
356,1251146,1331
356,1251148,6
357,1811936,20119
357,31612,6
358,1811936,20825
358,31612,6
358,1251146,1334
358,1251148,6
359,1811936,21140
359,31612,6
359,34128,18
360,1811936,20187
360,34128,18
360,31612,6
360,1251146,1334
360,1251148,6
361,1811936,19935
361,31612,6
361,34128,42
362,1811936,21035
362,34128,6
362,1251146,1334
362,1251148,6
362,31612,6
363,1811936,20245
363,31612,6
363,1251146,1331
363,1251148,6
364,1811936,20887
364,31612,6
364,34128,48
365,1811936,19333
365,31612,6
365,1251146,1331
365,1251148,6
365,34128,36
365,44862,6
365,1249642,3
366,1811936,20127
366,31612,6
366,34128,12
366,1251146,1334
366,1251148,6
366,1251152,1337
366,1251155,6
367,1811936,19840
367,31612,6
367,8388611,2
368,1811936,20760
368,31612,6
368,1251146,1331
368,1251148,6
368,34128,36
369,1811936,20130
369,34128,114
369,31612,6
369,1811931,3
369,8388611,1
369,1811938,3
369,1811940,3
370,1811936,20947
370,1251146,1331
370,1251148,6
370,31612,6
371,1811936,21021
371,31612,6
371,1251146,1331
371,1251148,6
372,1811936,20879
372,31612,6
372,8388611,8
373,1811936,21107
373,31612,6
373,1251146,1334
373,1251148,6
374,1811936,22090
374,31612,6
374,1251146,1331
374,34128,6
374,1251148,6
375,1811936,20852
375,31612,6
375,34128,72
376,1811936,20885
376,34128,78
376,31612,6
376,1251146,1334
376,1251148,6
377,1811936,20095
377,34128,24
377,31612,6
377,1287620,3
377,8388611,4
377,1251146,1331
377,1251148,6
378,1811936,22467
378,31612,6
378,34128,42
379,1811936,19745
379,34128,192
379,31612,6
379,1251146,1331
379,1251148,6
380,1811936,19975
380,31612,6
380,1251152,3
380,1251155,3
381,1811936,20852
381,1251146,1331
381,1251148,6
381,31612,6
382,1811936,21235
382,31612,6
382,34128,198
382,1251146,1331
382,1251148,6
382,8388611,2
383,1811936,20665
383,34128,186
383,31612,6
384,1811936,20122
384,34128,162
384,32769,3
384,1251146,1331
384,1251148,6
384,31612,6
384,32770,3
385,1811936,21270
385,34128,132
385,31612,6
385,1251146,1334
385,1251148,11
386,1811936,19935
386,31612,6
386,34128,372
387,1811936,20125
387,31612,6
387,34128,174
387,1251146,1331
387,1251148,6
387,1251151,14
387,4609,6
388,1811936,19240
388,34128,282
388,31612,6
389,1811936,21452
389,34128,120
389,31612,6
389,1251146,1331
389,1251148,6
390,1811936,20125
390,31612,6
390,1251146,1334
390,1251148,6
391,1811936,22472
391,31612,6
391,301013,5
391,8388611,22
391,299829,3
391,302462,69
391,300421,8
392,1811936,23257
392,31612,6
392,302462,3
392,34128,48
392,1251146,1331
392,1251148,6
392,1251151,3
393,1811936,21235
393,31612,6
393,1251146,1331
393,1251148,6
394,1811936,21989
394,31612,6
394,69,3
395,1811936,23015
395,34128,66
395,1251146,1334
395,1251148,6
395,31612,6
395,1287620,3
396,1811936,22600
396,31612,6
396,1251146,1331
396,1251148,6
396,1249642,3
396,302462,3
396,300421,3
397,1811936,23542
397,31612,6
397,1251146,1331
397,1251148,6
398,1811936,24274
398,31612,6
399,1811936,24497
399,31612,6
399,1251146,1331
399,1251148,11
400,1811936,21957
400,31612,6
400,1251146,1334
400,1251148,6
400,1251152,1331
400,1251155,8
401,1811936,22912
401,31612,6
401,8388611,4
402,1811936,22660
402,31612,6
402,1251146,1331
402,1251148,6
403,1811936,24779
403,31612,6
403,8388611,1
403,1251146,1331
403,1251148,6
404,1811936,22817
404,31612,6
404,299829,5
404,8388611,26
404,302287,3
404,1251146,1331
404,1251148,6
405,1811936,24652
405,31612,6
406,1811936,23862
406,31612,6
406,1251146,1331
406,1251148,6
407,1811936,24529
407,31612,6
407,1251146,1331
407,1251148,6
408,1811936,23654
408,31612,6
409,1811936,21133
409,1251146,1331
409,1251148,6
409,31612,6
410,1811936,22681
410,31612,6
410,1251146,1331
410,1251148,6
411,1811936,25791
411,31612,6
411,1251146,1331
411,1251148,6
412,1811936,23123
412,31612,6
412,32424,12
412,34128,30
413,1811936,19578
413,32424,6
413,31612,6
413,1251146,1331
413,1251148,6
414,1811936,17177
414,31612,6
415,1811936,12532
415,1251146,1331
415,1251148,6
415,31612,6
415,1811931,31
415,1811934,8905
415,1811939,30363
415,1251152,1334
415,1251155,6
415,8388611,14
415,1811940,8
415,1811942,11569
416,1811934,19700
416,1811942,65265
416,31612,6
416,1251152,2662
416,1251155,12
416,1251146,1334
416,1251148,14
416,8388611,4
416,1811931,20
416,1811940,8
416,1811939,3
416,1811938,3
416,1811935,3
416,1811944,3
416,1811943,3
417,1811934,38517
417,31612,6
417,1251146,1334
417,1251148,6
418,1811934,40449
418,31612,6
418,1251146,1331
418,1251148,6
419,1811934,44632
419,31612,6
419,1251146,1331
419,1251148,6
420,1811934,44689
420,1251146,2662
420,1251148,12
420,31612,6
421,1811934,44724
421,31612,6
421,1251146,1331
421,1251148,6
421,8388611,2
422,1811934,43934
422,1251146,2662
422,1251148,12
422,31612,6
422,301013,3
423,1811934,44089
423,31612,6
423,1251146,1331
423,1251148,6
424,1811934,43907
424,31612,6
424,1251146,2662
424,1251148,12
425,1811934,43492
425,31612,6
425,1251152,1331
425,1251155,6
426,1811934,43454
426,1251152,2662
426,1251155,12
426,31612,6
427,1811934,42848
427,31612,6
427,1251152,1331
427,1251155,6
428,1811934,43367
428,31612,6
428,1251152,1331
428,1251155,6
429,1811934,43584
429,1251152,2662
429,1251155,12
429,31612,6
430,1811934,43204
430,31612,6
430,1251152,1331
430,1251155,6
431,1811934,43742
431,31612,6
431,1251152,1334
431,1251155,9
432,1811934,43302
432,31612,6
432,1251152,2662
432,1251155,14
433,1811934,43177
433,31612,6
433,1251152,1331
433,1251155,6
434,1811934,42827
434,31612,6
434,1251152,1331
434,1251155,6
434,4026532573,3
434,4026532555,3
434,4026532525,3
434,4026532788,3
435,1811934,43169
435,31612,6
435,1251152,2662
435,1251155,12
435,8388611,1
436,1811934,41502
436,31612,6
436,1811931,3
436,1811940,3
436,1811942,3
436,1251152,1331
436,1251155,6
436,8388611,10
437,1811934,43364
437,31612,6
437,1251152,1331
437,1251155,6
437,299829,3
438,1811934,43587
438,31612,6
438,1251152,2662
438,1251155,12
439,1811934,44119
439,31612,6
439,1251152,1331
439,1251155,6
440,1811934,42952
440,31612,6
440,1251152,1331
440,1251155,6
441,1811934,43842
441,1251152,2662
441,1251155,12
441,31612,6
442,1811934,44754
442,31612,6
442,1251152,1331
442,1251155,6
443,1811934,44729
443,31612,6
443,1251152,1331
443,1251155,6
443,1251146,1334
443,1251148,6
444,1811934,44511
444,31612,6
444,1251152,1331
444,1251155,6
445,1811934,44970
445,1251152,2662
445,1251155,12
445,31612,6
446,1811934,44412
446,31612,6
446,1251152,1331
446,1251155,6
446,8388611,2
447,1811934,44944
447,1251152,2662
447,1251155,17
447,31612,6
447,1251146,3
447,1251148,3
448,1811934,45709
448,31612,6
448,1251152,1331
448,1251155,6
449,1811934,21231
449,31612,6
449,1251152,2665
449,1251155,12
449,1811931,31
449,1811935,18129
449,1811936,30403
449,8388611,12
449,1811940,8
450,1811935,32598
450,31612,6
450,1251146,1331
450,1251148,8
451,1811935,31146
451,31612,6
451,1251146,1331
451,1251148,6
452,1811935,25287
452,31612,6
452,1251146,1334
452,1251148,6
453,1811935,27469
453,31612,6
453,1251146,1334
453,1251148,6
454,1811935,28866
454,31612,6
454,1251146,1331
454,8388611,4
454,1251148,6
455,1811935,27564
455,31612,6
455,1251146,1331
455,1251148,6
456,1811935,27207
456,31612,6
457,1811935,26926
457,31612,6
457,1251146,1331
457,1251148,6
458,1811935,29273
458,31612,6
458,1251152,1331
458,1251155,6
459,1811935,28611
459,31612,6
459,1251152,1334
459,1251155,6
460,1811935,28538
460,31612,6
460,1251152,1331
460,1251155,6
461,1811935,25957
461,31612,6
461,32424,12
461,1251152,1331
461,1251155,6
462,1811935,27742
462,31612,6
462,1251152,1337
462,1251155,14
463,1811935,27291
463,31612,6
463,1251146,1331
463,1251148,6
464,1811935,24844
464,31612,6
464,32424,12
464,1251146,1334
464,1251148,6
464,8388611,4
465,1811935,21321
465,31612,6
466,1811935,24494
466,1251146,1331
466,1251148,6
466,31612,6
467,1811935,26700
467,31612,6
467,32424,12
467,1251146,1331
467,1251148,6
467,8388611,1
468,1811935,25503
468,31612,6
468,34128,162
468,1251146,1331
468,1251148,6
468,302462,54
468,300421,14
469,1811935,27469
469,34128,42
469,31612,6
469,302462,3
469,8388611,16
469,1251146,1334
469,1251148,6
470,1811935,28736
470,31612,6
470,32424,12
471,1811935,29149
471,1251146,1334
471,1251148,6
471,31612,6
472,1811935,29151
472,1251146,1331
472,1251148,6
472,31612,6
472,1811931,3
472,1811936,3
472,1811940,3
473,1811935,29279
473,31612,6
473,1251146,1334
473,1251148,6
473,32424,12
473,302462,3
473,300421,3
474,1811935,29306
474,31612,6
474,1251146,1331
474,1251148,6
474,8388611,2
474,4026532573,3
474,4026532555,3
474,4026532525,3
474,4026532788,3
475,1811935,28638
475,31612,6
475,1251146,1334
475,1251148,6
475,302462,147
475,300421,28
475,32424,12
476,1811935,28986
476,31612,6
476,302462,3
476,1251146,1331
476,1251148,6
477,1811935,29211
477,302462,18
477,300421,6
477,31612,6
477,1251146,1331
477,1251148,6
478,1811935,29659
478,31612,6
478,1251146,1331
478,1251148,6
479,1811935,29496
479,31612,6
479,1251146,1334
479,1251148,6
480,1811935,29526
480,31612,6
480,300421,12
480,302462,3
481,1811935,30134
481,1251146,1331
481,1251148,6
481,31612,6
482,1811935,29852
482,31612,6
482,1251146,1331
482,1251148,6
483,1811935,30066
483,1251146,1334
483,1251148,11
483,31612,6
484,1811935,29941
484,31612,6
484,1251146,1331
484,1251148,6
484,8388611,6
485,1811935,31034
485,31612,6
485,1251146,1331
485,1251148,6
486,1811935,31663
486,31612,6
486,1251146,1331
486,1251148,6
487,1811935,31428
487,32424,6
487,4642,9
487,302462,72
487,300421,8
487,31612,6
487,1251146,1331
487,1251148,6
488,1811935,32408
488,31612,6
488,1251146,1331
488,1251148,6
489,1811935,32381
489,31612,6
489,1251146,1334
489,1251148,6
489,1251152,1331
489,1251155,6
489,8388611,6
490,1811935,32696
490,31612,6
490,1251146,1331
490,1251148,6
491,1811935,32378
491,300421,3
491,31612,6
491,1251146,1334
491,1251148,8
492,1811935,33041
492,31612,6
492,1251146,1331
492,1251148,6
493,1811935,32853
493,31612,6
493,1251152,3
493,1251155,3
493,1251146,1331
493,1251148,6
494,1811935,33108
494,31612,6
494,1251146,1331
494,1251148,6
494,8388611,2
495,1811935,32886
495,31612,6
495,1251146,1331
495,1251148,6
496,1811935,33673
496,31612,6
496,1251146,1331
496,1251148,6
497,1811935,33328
497,31612,6
497,1251146,1331
497,1251148,6
498,1811935,28988
498,31612,6
498,1251146,1331
498,1251148,6
498,1811931,8
498,1811934,4153
498,1811938,19262
499,1811934,26374
499,1811938,11136
499,1251152,1334
499,1251155,8
499,8388611,8
499,1811931,23
499,1811940,8
499,1811935,12
499,31612,6
499,1251146,1331
499,1251148,6
500,1811934,25242
500,31612,6
500,8388611,1
501,1811934,25192
501,1251146,1331
501,1251148,6
501,31612,6
502,1811934,25509
502,31612,6
502,1251146,1331
502,1251148,6
502,302462,3
503,1811934,25219
503,31612,6
503,1251146,1331
503,1251148,6
504,1811934,25257
504,8388611,18
504,31612,6
504,1251146,1331
504,1251148,6
505,1811934,24999
505,31612,6
506,1811934,25097
506,1251146,1331
506,1251148,6
506,31612,6
507,1811934,24277
507,31612,6
507,1251146,1334
507,1251148,6
508,1811934,23862
508,31612,6
508,1251146,1331
508,1251148,6
509,1811934,23604
509,8388611,2
509,31612,6
510,1811934,23642
510,31612,6
510,1251146,1331
510,1251148,6
511,1811934,23067
511,31612,6
511,1251146,1331
511,1251148,6
512,1811934,23336
512,31612,6
513,1811934,23723
513,1251146,1334
513,1251148,18
513,31612,6
514,1811934,23772
514,8388611,6
514,31612,6
514,1251146,1331
514,1251148,8
515,1811934,24536
515,31612,6
515,1251146,1334
515,1251148,6
516,1811934,24648
516,31612,6
517,1811934,24587
517,1251146,1331
517,1251148,6
517,31612,6
518,1811934,25137
518,31612,6
518,1811931,3
518,1811938,3
518,1811940,3
518,1251146,1331
518,1251148,6
519,1811934,25094
519,31612,6
519,1251146,1331
519,1251148,6
520,1811934,24747
520,31612,6
520,1251146,667
521,1251146,667
521,1811934,25194
521,1251148,6
521,1251152,1334
521,1251155,6
521,31612,6
522,1811934,25409
522,31612,6
522,1251146,1331
522,1251148,6
523,1811934,25471
523,31612,6
523,1251146,1331
523,1251148,6
524,1811934,25919
524,8388611,6
524,31612,6
524,1251146,1331
524,1251148,6
525,1811934,26177
525,31612,6
526,1811934,25916
526,31612,6
526,1251146,1331
526,1251148,6
527,1811934,25789
527,31612,6
527,1251146,1331
527,1251148,6
528,1811934,25827
528,31612,6
528,1251146,1331
528,1251148,6
529,1811934,25854
529,31612,6
529,1251152,3
529,1251155,3
529,1251146,1331
529,1251148,6
530,1811934,26394
530,31612,6
531,1811934,26079
531,31612,6
531,1251146,1334
531,1251148,6
532,1811934,26207
532,31612,6
532,1251146,1331
532,1251148,6
533,1811934,26083
533,31612,6
533,1251146,1331
533,1251148,6
534,1811934,26524
534,8388611,3
534,31612,6
535,1811934,26519
535,1251146,1331
535,1251148,6
535,31612,6
536,1811934,26649
536,31612,6
536,1251146,1331
536,1251148,6
537,1811934,26688
537,31612,6
537,1251146,1331
537,1251148,6
538,1811934,27119
538,31612,6
538,1251146,1331
538,1251148,6
539,1811934,26904
539,8388611,10
539,31612,6
539,1251146,1331
539,1251148,6
540,1811934,26647
540,31612,6
541,1811934,27091
541,31612,6
541,1251146,1331
541,1251148,6
542,1811934,27119
542,31612,6
542,1251146,1331
542,1251148,6
543,1811934,27349
543,31612,6
543,1251146,1331
543,1251148,6
544,1811934,26626
544,8388611,2
544,31612,6
544,1251148,11
544,1251146,1334
545,1811934,26644
545,31612,6
546,1811934,26839
546,1251146,1331
546,1251148,6
546,31612,6
547,1811934,26964
547,31612,6
547,1251146,1331
547,1251148,6
548,1811934,27504
548,31612,6
548,1251146,1331
548,1251148,6
549,1811934,27567
549,31612,6
549,1251146,1331
549,1251148,6
550,1811934,28169
550,31612,6
550,1251146,1331
550,1251148,6
551,1811934,28294
551,31612,6
552,1811934,27219
552,1251146,1331
552,1251148,6
552,1251152,1334
552,1251155,8
552,31612,6
553,1811934,28231
553,31612,6
553,1251146,1331
553,1251148,6
554,1811934,28173
554,8388611,8
554,31612,6
554,1251146,1331
554,1251148,6
555,1811934,8922
555,31612,6
555,1811931,31
555,1811935,16417
555,1811939,30408
555,1251146,1331
555,1251148,6
555,8388611,8
555,1811940,8
555,1251152,1331
555,1251155,6
556,1811935,23257
556,31612,6
556,1251146,1331
556,1251148,6
557,1811935,23232
557,31612,6
558,1811935,22847
558,31612,6
558,1251146,1331
558,1251148,6
559,1811935,22470
559,31612,6
559,1251146,1331
559,1251148,6
560,1811935,21297
560,31612,6
560,8388611,4
561,1811935,21390
561,31612,6
561,1251146,1331
561,1251148,11
562,1811935,18922
562,31612,6
562,1251146,1334
562,1251148,6
563,1811935,19050
563,31612,6
564,1811935,17400
564,31612,6
564,1251146,1334
564,1251148,6
565,1811935,18635
565,31612,6
566,1811935,19305
566,31612,6
566,1251146,1331
566,1251148,6
567,1811935,17394
567,31612,6
568,1811935,17682
568,31612,6
568,1251146,1331
568,1251148,6
569,1811935,17934
569,31612,6
569,8388611,1
570,1811935,18198
570,31612,6
570,1251146,1331
570,1251148,6
570,8388611,8
571,1811935,17584
571,31612,6
571,1251146,737
572,1251146,594
572,1811935,19400
572,1251148,6
572,31612,6
573,1811935,16477
573,31612,6
573,1251146,1334
573,1251148,6
574,1811935,18759
574,31612,6
574,34128,222
575,1811935,20630
575,34128,84
575,31612,6
575,1251146,1334
575,1251148,18
575,8388611,6
576,1811935,18990
576,31612,6
576,34128,30
577,1811935,19425
577,31612,6
577,1251146,1331
577,1251148,8
578,1811935,18735
578,31612,6
578,1251146,1331
578,1251148,6
579,1811935,16544
579,31612,6
580,1811935,16294
580,31612,6
580,8388611,2
580,1251146,1331
580,1251148,6
581,1811935,16684
581,31612,6
582,1811935,16949
582,31612,6
582,1251146,1331
582,1251148,6
583,1811935,20285
583,31612,6
584,1811935,18985
584,31612,6
584,1251146,1334
584,1251148,6
584,1811931,3
585,1811935,20542
585,1811939,3
585,1811940,3
585,31612,6
585,1251152,3
585,1251155,3
586,1811935,22882
586,31612,6
586,1251146,1331
586,1251148,6
587,1811935,20315
587,31612,6
587,1251146,1331
587,1251148,6
588,1811935,20193
588,31612,6
589,1811935,21799
589,31612,6
589,1251146,1331
589,1251148,6
590,1811935,21308
590,31612,6
590,8388611,2
590,1251146,1331
590,1251148,6
591,1811935,21832
591,31612,6
592,1811935,22562
592,31612,6
592,1251146,1334
592,1251148,6
593,1811935,21208
593,31612,6
593,1251146,1334
593,1251148,6
594,1811935,22369
594,31612,6
595,1811935,16352
595,31612,6
595,1251146,1334
595,1251148,6
595,1251152,1334
595,1251155,8
595,8388611,8
596,1811935,16794
596,31612,6
597,1811935,11340
597,31612,6
597,1251146,1337
597,1251148,6
598,1811935,10144
598,31612,6
598,32424,48
599,1811935,14098
599,31612,6
599,32424,18
600,1811935,13416
600,31612,6
600,1251146,1337
600,1251148,6
600,32424,12
601,1811935,15838
601,31612,6
601,32424,12
601,8388611,1
602,1811935,18418
602,31612,6
602,1251146,1334
602,1251148,6
602,32424,12
603,1811935,15411
603,31612,6
604,1811935,18629
604,31612,6
604,1251146,1334
604,1251148,6
604,32424,12
605,1811935,18260
605,31612,6
605,8388611,8
606,1811935,17813
606,1251146,1331
606,1251148,9
606,31612,6
606,32424,12
607,1811935,16643
607,31612,6
607,1251146,1334
607,1251148,8
608,1811935,16580
608,31612,6
608,32424,12
609,1811935,16518
609,31612,6
609,1251146,1331
609,1251148,6
610,1811935,17878
610,31612,6
610,32424,12
611,1811935,18290
611,31612,6
611,1251146,1337
611,1251148,6
612,1811935,17617
612,31612,6
612,32424,12
613,1811935,19308
613,31612,6
613,1251146,1331
613,1251148,6
614,1811935,21392
614,31612,6
614,32424,12
615,1811935,21962
615,31612,6
615,1251146,1334
615,1251148,6
615,8388611,2
616,1811935,22947
616,31612,6
616,32424,12
616,1251146,1331
616,1251148,6
617,1811935,21770
617,31612,6
618,1811935,17257
618,1251146,1334
618,1251148,6
618,31612,6
618,32424,18
619,1811935,19023
619,31612,6
619,1251146,1334
619,1251148,6
620,1811935,15538
620,31612,6
620,32424,12
621,1811935,14923
621,31612,6
622,1811935,16094
622,31612,6
622,1251146,1331
622,1251148,6
622,32424,12
623,1811935,19519
623,31612,6
624,1811935,16764
624,1251146,1334
624,1251148,6
624,31612,6
624,34128,114
624,32424,24
625,1811935,22381
625,31612,6
625,1251146,1337
625,1251148,6
626,1811935,19940
626,31612,6
626,32424,12
626,1251152,3
626,1251155,3
626,1811931,25
626,1811921,3
626,1811940,8
627,31612,6
628,31612,6
628,32424,12
629,31612,6
630,31612,6
630,34128,18
630,32424,12
631,1811935,3
631,8388611,10
631,31612,6
632,31612,6
632,32424,12
633,31612,6
634,31612,6
634,32424,24
635,31612,6
635,32424,12
636,31612,6
636,8388611,3
636,32424,12
636,34128,6
637,34128,132
637,31612,6
638,34128,24
638,31612,6
638,32424,12
639,34128,24
639,31612,6
640,34128,12
640,31612,6
640,32424,12
641,31612,6
642,1251148,3
642,1251146,3
642,31612,6
642,32424,12
643,31612,6
644,31612,6
644,32424,12
644,4026532516,3
644,4026531962,3
644,4026532788,3
645,31612,6
646,31612,6
646,32424,12
646,34128,6
