Second,Ino,Transactions
0,1251145,27
0,34128,12
1,34128,42
1,31612,6
2,34128,18
2,31612,6
3,34128,6
3,31612,6
4,34128,30
4,31612,6
5,31612,6
5,1251145,3
5,1251146,3
5,1251148,6
5,1251152,3
5,1251155,6
5,8388611,10
5,4026532471,3
5,4026532573,3
5,4026531962,3
5,4026532788,3
6,31612,6
7,31612,6
8,31612,6
9,31612,6
10,31612,6
11,8388611,4
11,31612,6
12,31612,6
13,31612,6
14,31612,6
15,31612,6
16,31612,6
17,31612,6
18,31612,6
19,31612,6
20,31612,6
21,34128,84
21,31612,6
21,302462,3
22,1638477,6
22,31612,6
23,34128,126
23,31612,6
23,1262746,8
23,8388611,12
23,1287627,19
23,1179718,8
24,34128,138
24,31612,6
25,34128,78
25,31612,6
26,31612,6
26,34128,60
27,34128,24
27,31612,6
27,8388611,1
28,34128,24
28,31612,6
28,1262746,3
28,1287627,3
28,1179718,3
28,8388611,10
29,34128,48
29,31612,6
30,31612,6
31,34128,60
31,31612,6
32,34128,48
32,31612,6
33,31612,6
34,34128,12
34,1811921,21
34,1811938,17
34,8388611,32
34,1811933,14
34,1811931,81
34,1811934,22
34,1811937,16
34,1811935,11
34,31612,6
35,34128,222
35,31612,6
35,4026532516,3
35,4026532573,3
35,4026531962,3
35,4026532788,3
36,31612,6
37,31612,6
37,294793,3
37,34128,18
38,34128,30
38,31612,6
39,34128,12
39,31612,6
40,34128,24
40,8388611,2
40,31612,6
41,31612,6
41,34128,12
42,31612,6
43,31612,6
44,31612,6
45,31612,6
45,34128,30
46,31612,6
47,31612,6
48,31612,6
49,31612,6
50,31612,6
51,31612,6
52,31612,6
52,302462,5
52,8388611,2
53,31612,6
54,31612,6
55,31612,6
55,299829,5
55,8388611,12
55,293671,3
56,31612,6
57,31612,6
58,31612,6
58,34128,6
59,31612,6
59,34128,168
59,8388611,1
60,31612,6
61,31612,6
61,111,6
62,31612,6
63,31612,6
63,34128,36
64,31612,6
65,1811921,3
65,1811931,3
65,1811933,3
65,1811934,3
65,1811935,3
65,1811937,3
65,31612,6
66,31612,6
67,31612,6
68,31612,6
68,294793,3
69,31612,6
70,8388611,2
70,31612,6
71,31612,6
72,31612,6
73,31612,6
74,31612,6
75,31612,6
75,4026532525,3
75,4026532788,3
76,31612,6
77,31612,6
78,31612,6
79,31612,6
80,31612,6
81,31612,6
82,31612,6
83,31612,6
83,1811930,17
83,307540,76
83,301003,23
83,8388611,4
83,26550,3
83,26551,3
83,26552,3
83,26553,3
83,30041,3
83,30042,3
83,30086,3
83,30095,3
83,30098,3
83,30100,3
83,30102,3
83,30104,3
83,30111,3
83,30113,3
83,30115,3
83,30117,3
83,36990,3
83,31066,3
83,31069,3
83,31071,3
83,31073,3
83,39505,3
83,29036,3
83,29014,3
83,30305,3
83,33319,3
83,30279,3
83,30282,3
83,30306,3
83,30827,3
83,29593,3
83,31583,3
83,32059,3
83,31444,3
83,32070,3
83,32071,3
83,32072,3
83,31101,3
83,39815,3
83,39816,3
83,39817,3
83,39818,3
83,31106,3
83,31128,3
83,31135,3
83,32091,3
83,32088,3
83,31468,3
83,39982,3
83,39983,3
83,39984,3
83,31496,3
83,39985,3
83,39986,3
83,39987,3
83,39988,3
83,39989,3
83,39990,3
83,39991,3
83,39992,3
83,39993,3
83,39994,3
83,39995,3
83,39996,3
83,39997,3
83,39998,3
83,39999,3
83,40000,3
83,40001,3
83,40002,3
83,40003,3
83,40004,3
83,40005,3
83,40006,3
83,40007,3
83,40008,3
83,40009,3
83,40010,3
83,40011,3
83,40012,3
83,40013,3
83,40014,3
83,40015,3
83,40016,3
83,40017,3
83,40018,3
83,40019,3
83,40020,3
83,40021,3
83,40022,3
83,40023,3
83,40024,3
83,40025,3
83,40026,3
83,40027,3
83,40028,3
83,40029,3
83,40030,3
83,40031,3
83,40032,3
83,40033,3
83,40034,3
83,40035,3
83,40036,3
83,40037,3
83,40038,3
83,40039,3
83,40040,3
83,40041,3
83,40042,3
83,40043,3
83,40044,3
83,40045,3
83,40046,3
83,40047,3
83,40048,3
83,40049,3
83,40050,3
83,40051,3
83,40052,3
83,40053,3
83,40054,3
83,40055,3
83,32927,3
83,32154,3
83,31531,3
83,32819,3
83,31538,3
83,31554,3
83,31592,3
83,32891,3
83,31618,3
83,31637,3
83,31673,3
83,32211,3
83,31712,3
83,31653,3
83,31686,3
83,31669,3
83,31670,3
83,31671,3
83,31667,3
83,31737,3
83,32959,3
83,33005,3
83,33066,3
83,34123,3
83,33289,3
83,33290,3
83,33291,3
83,33293,3
83,33294,3
83,33314,3
83,34170,3
83,34172,3
83,34174,3
83,34176,3
83,34178,3
83,34180,3
83,34182,3
83,34184,3
83,34186,3
83,34188,3
83,34214,3
83,33323,3
83,33612,3
83,33613,3
83,33614,3
83,34209,3
83,33615,3
83,34228,3
83,33600,3
83,34248,3
83,40581,3
83,40582,3
83,40583,3
83,40584,3
83,40585,3
83,40586,3
83,40587,3
83,40588,3
83,40589,3
83,40590,3
83,40591,3
83,40592,3
83,40593,3
83,40594,3
83,40595,3
83,40596,3
83,40597,3
83,40598,3
83,40599,3
83,40600,3
83,40601,3
83,40602,3
83,40603,3
83,40604,3
83,40605,3
83,40606,3
83,40607,3
83,40608,3
83,40609,3
83,40610,3
83,40611,3
83,40612,3
83,40613,3
83,40614,3
83,40615,3
83,40616,3
83,40617,3
83,40618,3
83,40619,3
83,40620,3
83,40621,3
83,40622,3
83,40623,3
83,40624,3
83,40625,3
83,40626,3
83,40627,3
83,40628,3
83,40629,3
83,40630,3
83,40631,3
83,40632,3
83,40633,3
83,40634,3
83,40635,3
83,40636,3
83,40637,3
83,40638,3
83,34423,3
83,34821,3
83,34848,3
83,34579,3
83,34596,3
83,34627,3
83,34887,3
83,34678,3
83,34688,3
83,34705,3
83,34748,3
83,34739,3
83,34974,3
83,35239,3
83,36634,3
83,38505,3
83,35060,3
83,41383,3
83,41384,3
83,41385,3
83,36661,3
83,41386,3
83,41387,3
83,41388,3
83,41389,3
83,41390,3
83,35074,3
83,36777,3
83,35132,3
83,35244,3
83,37910,3
83,37198,3
83,37202,3
83,41588,3
83,41589,3
83,41590,3
83,41591,3
83,41592,3
83,41593,3
83,41594,3
83,41595,3
83,41596,3
83,41597,3
83,41598,3
83,41599,3
83,41600,3
83,41601,3
83,41602,3
83,41603,3
83,41604,3
83,41605,3
83,41606,3
83,41607,3
83,41608,3
83,41609,3
83,41610,3
83,37632,3
83,37605,3
83,37606,3
83,37607,3
83,37608,3
83,37609,3
83,37610,3
83,37611,3
83,37612,3
83,37626,6
83,111,6
83,302462,3
83,1506713,3487
83,41694,6
83,41696,6
84,31612,6
84,1506713,439
84,293671,62711
84,302462,154
84,300421,29
84,8388611,22
84,32424,6
84,1251146,1334
84,1251148,8
85,293671,2569
85,302286,65380
85,1251146,4053
85,1251148,18
85,302462,3
85,31612,6
85,301009,6
85,301013,6
85,41700,6
85,1506713,3109
85,293182,9
85,293181,9
85,41705,6
85,41707,6
85,41709,18
85,38888,18
85,38890,24
85,38892,24
85,38894,12
85,38895,6
85,38893,6
85,38891,6
85,38889,6
85,41710,6
85,4026532525,3
85,4026532788,3
86,41709,12
86,302462,14
86,300421,6
86,38888,12
86,38894,24
86,301009,23
86,31612,6
86,299829,3
86,42035,6
86,42037,12
86,307524,18
86,42038,6
86,1506713,43
86,1549734,122
86,1549733,53
86,43209,6
86,42039,6
86,43233,6
86,1811938,12
86,43257,6
86,42054,6
86,43259,6
86,1811939,5
86,43199,6
87,31612,6
88,38890,12
88,38891,6
88,31612,6
88,378603,18
88,42038,6
88,1506713,35
88,42083,6
88,42088,6
88,43362,6
88,42089,6
88,1811938,12
88,43384,3
88,43385,6
88,1811939,51
88,42090,6
88,43386,6
88,43398,6
88,42091,3
88,43399,6
88,43400,3
88,42092,6
88,1811940,11
88,43404,6
88,43407,3
88,43411,3
88,43415,3
88,1811941,18
88,43419,6
88,42094,3
88,43420,6
88,1811942,5
88,43295,12
88,42037,6
88,301003,3
88,300421,3
88,307540,3
89,31612,6
90,8388611,46
90,31612,6
91,31612,6
92,31612,6
93,38892,6
93,31612,6
93,38888,30
93,293216,21
93,42038,18
93,1506713,574
93,1549734,30871
93,1549733,168
93,42111,6
93,42114,6
93,42115,6
93,42116,6
93,43521,6
93,42117,6
93,1811938,24
93,1811939,96
93,42118,6
93,43545,6
93,43557,6
93,43559,3
93,42120,6
93,1811940,22
93,43563,6
93,43566,3
93,43570,3
93,43574,3
93,1811941,36
93,42122,3
93,43579,6
93,1811942,10
93,43454,6
93,42037,12
93,293201,21
93,42123,6
93,42124,3
93,43658,6
93,42137,6
93,43671,6
93,42138,6
93,42139,6
93,43695,6
93,43707,6
93,42143,6
93,43711,6
93,43717,6
93,43719,6
93,43721,6
93,42149,3
93,43723,6
93,43613,12
93,302289,12
93,42151,6
93,42152,6
93,43812,6
93,42155,6
93,43824,6
93,42156,6
94,1811938,24
94,43846,6
94,1811939,56
94,42157,6
94,43848,6
94,43860,6
94,38893,6
94,38892,24
94,43864,6
94,42161,6
94,1811940,11
94,43865,6
94,43868,3
94,43870,3
94,43874,3
94,1811941,18
94,42165,3
94,43879,6
94,1811942,5
94,1549733,32
94,1549734,1129
94,43757,9
94,42037,12
94,302289,12
94,1506713,207
94,1251146,1346
94,1251148,6
94,31612,6
94,301004,18
94,42038,6
94,42188,6
94,42189,6
94,42190,6
94,42191,6
94,42192,6
94,43961,3
94,43892,6
94,32424,18
94,302462,45
94,300421,29
94,1566,3
94,1565,3
94,293198,6
94,42207,6
94,38614,6
94,38620,3
94,307540,45
94,301003,8
94,1811930,9
94,1287628,14
94,8388611,16
94,111,6
95,112,12
95,44146,6
95,1506713,9321
95,378603,3
95,293201,3
95,302286,3
95,44162,6
95,307540,3
95,31612,6
95,42221,6
95,44186,3
95,44187,6
95,44163,24
96,112,12
96,44192,6
96,1811930,18
96,32424,6
96,4477,9
96,302462,14
96,300421,6
96,31612,6
97,31612,6
98,31612,6
98,1811930,6
99,31612,6
99,300421,3
99,301003,3
99,307540,3
100,31612,6
100,8388611,1
101,31612,6
102,31612,6
103,31612,6
103,32424,12
104,31612,6
105,31612,6
106,31612,6
107,31612,6
108,31612,6
109,31612,6
110,31612,6
111,31612,6
112,31612,6
113,31612,6
114,1811930,3
114,31612,6
115,31612,6
115,302462,3
115,1251146,3
115,1251148,3
116,31612,6
117,31612,6
118,31612,6
119,293671,3
119,302286,3
119,293182,3
119,293181,3
119,301009,3
119,307524,3
119,378603,3
119,31612,6
120,31612,6
121,8388611,4
121,31612,6
122,31612,6
123,31612,6
124,31612,6
124,293216,3
124,293201,3
124,302289,3
125,293198,3
125,31612,6
125,1287628,3
125,112,6
126,31612,6
127,31612,6
128,31612,6
129,31612,6
129,301004,3
130,31612,6
131,31612,6
132,31612,6
133,31612,6
134,31612,6
135,31612,6
136,31612,6
137,31612,6
138,31612,6
139,31612,6
140,31612,6
141,31612,6
142,31612,6
143,31612,6
144,31612,6
145,31612,6
146,31612,6
147,31612,6
148,31612,6
149,31612,6
150,31612,6
151,31612,6
151,8388611,1
152,31612,6
153,31612,6
154,31612,6
155,31612,6
156,31612,6
157,31612,6
158,31612,6
159,31612,6
160,31612,6
161,31612,6
162,31612,6
163,31612,6
164,31612,6
165,34128,174
165,112,6
165,31612,6
166,31612,6
167,34128,6
