Second,Ino,Transactions
0,1251145,30
0,34128,6
0,36996,3
0,294793,3
0,8388611,18
1,31612,6
1,34128,12
2,34128,24
2,31612,6
3,31612,6
3,4026532516,3
3,4026532788,3
4,31612,6
4,34128,12
5,31612,6
5,1251145,3
5,1251146,3
5,1251148,6
5,1251152,3
5,1251155,6
6,34128,12
6,31612,6
7,34128,36
7,31612,6
8,34128,36
8,31612,6
9,34128,24
9,31612,6
10,34128,60
10,31612,6
11,34128,18
11,31612,6
12,31612,6
13,31612,6
14,31612,6
14,34128,66
15,34128,174
15,31612,6
16,34128,180
16,31612,6
17,34128,174
17,31612,6
18,34128,30
18,31612,6
19,8388611,1
19,31612,6
20,31612,6
20,34128,18
21,34128,12
21,31612,6
22,31612,6
23,31612,6
23,4026532471,3
23,4026532788,3
24,31612,6
25,32424,18
25,31612,6
26,1638477,3
26,31612,6
27,31612,6
28,31612,6
29,31612,6
30,31612,6
30,32424,6
31,31612,6
31,294793,3
32,31612,6
32,32424,6
33,31612,6
33,32424,6
34,31612,6
35,31612,6
36,31612,6
36,32424,6
37,31612,6
38,31612,6
38,32424,6
39,34128,270
39,31612,6
39,32424,6
40,34128,150
40,31612,6
41,31612,6
41,34128,42
42,31612,6
43,31612,6
43,4026532573,3
43,32424,6
43,4026532555,3
43,4026532525,3
43,4026532788,3
44,31612,6
44,32424,12
45,31612,6
46,31612,6
47,31612,6
48,31612,6
49,31612,6
49,32424,6
50,31612,6
50,32424,12
51,31612,6
51,32424,6
52,32424,12
52,31612,6
53,31612,6
54,31612,6
55,31612,6
56,31612,6
57,31612,6
58,31612,6
59,31612,6
60,34128,30
60,31612,6
61,34128,24
61,31612,6
61,1811920,3
61,1811921,18
61,1811931,81
61,1811933,11
61,8388611,34
61,1811934,19
61,1811935,8
61,1811937,16
62,31612,6
63,31612,6
64,31612,6
65,34128,57
65,294793,3
65,31612,6
66,34128,12
66,31612,6
66,1811920,3
66,1811921,3
66,1811931,3
66,1811933,3
66,1811934,3
66,1811935,3
66,1811937,3
66,8388611,2
67,34128,132
67,31612,6
68,31612,6
69,31612,6
70,31612,6
71,31612,6
72,31612,6
73,31612,6
74,31612,6
75,31612,6
76,31612,6
77,31612,6
78,31612,6
79,31612,6
80,31612,6
81,31612,6
82,31612,6
83,31612,6
84,31612,6
85,31612,6
86,31612,6
87,31612,6
88,31612,6
89,31612,6
90,31612,6
91,31612,6
92,8388611,1
92,31612,6
93,31612,6
94,31612,6
95,31612,6
95,294793,3
96,31612,6
97,31612,6
98,31612,6
99,31612,6
100,31612,6
101,31612,6
102,31612,6
103,31612,6
103,4026532525,3
103,4026532788,3
104,31612,6
105,31612,6
106,31612,6
107,31612,6
108,31612,6
109,31612,6
110,31612,6
111,31612,6
112,31612,6
113,31612,6
113,297596,3
113,299666,9
113,299667,9
113,299669,9
113,4378,15
113,300421,17
113,302462,113
114,31612,6
114,302462,3
115,31612,6
116,31612,6
117,31612,6
118,31612,6
119,300421,3
119,8388611,10
119,302462,3
119,31612,6
120,31612,6
121,31612,6
122,31612,6
123,31612,6
124,31612,6
125,8388611,2
125,31612,6
126,31612,6
127,31612,6
128,31612,6
129,31612,6
130,31612,6
131,31612,6
132,31612,6
133,31612,6
134,31612,6
135,31612,6
136,31612,6
137,31612,6
138,31612,6
139,32424,12
139,31612,6
140,31612,6
140,32424,12
141,31612,6
142,31612,6
143,31612,6
144,31612,6
144,299666,3
144,299667,3
144,299669,3
144,297596,3
145,31612,6
146,31612,6
147,31612,6
148,31612,6
149,31612,6
149,8388611,1
150,31612,6
151,31612,6
152,31612,6
153,31612,6
154,31612,6
155,31612,6
156,31612,6
157,31612,6
158,31612,6
159,31612,6
160,31612,6
161,31612,6
162,31612,6
163,31612,6
164,34128,168
164,31612,6
165,34128,48
165,31612,6
166,31612,6
167,31612,6
168,31612,6
169,31612,6
170,31612,6
171,31612,6
172,31612,6
173,31612,6
174,31612,6
175,31612,6
176,31612,6
177,31612,6
178,31612,6
179,31612,6
179,32424,6
180,32424,12
180,31612,6
181,31612,6
182,31612,6
183,31612,6
184,31612,6
185,31612,6
186,31612,6
187,31612,6
188,31612,6
189,31612,6
190,31612,6
191,31612,6
192,31612,6
193,31612,6
194,31612,6
195,31612,6
196,31612,6
197,31612,6
198,31612,6
199,31612,6
200,31612,6
201,31612,6
202,31612,6
203,31612,6
204,31612,6
204,32424,12
205,32424,6
205,31612,6
206,31612,6
206,302462,35
206,300421,8
206,300422,8
207,302462,3
207,31612,6
208,31612,6
209,31612,6
210,32424,30
210,31612,6
210,302462,206
210,300421,42
210,300422,6
210,293671,6
210,293117,5
210,8388611,20
211,32424,24
211,302462,6
211,31612,6
211,300421,3
211,300422,3
212,31612,6
213,31612,6
213,4026532525,3
213,4026532788,3
214,31612,6
215,32424,12
215,31612,6
216,8388611,2
216,31612,6
217,31612,6
218,31612,6
219,31612,6
220,32424,18
220,31612,6
220,307540,5
220,302462,79
220,8388611,2
220,4411,9
220,300421,8
221,302462,3
221,31612,6
221,32424,24
222,32424,18
222,31612,6
223,32424,18
223,31612,6
223,293671,5
223,299829,3
223,8388611,4
224,31612,6
224,302462,23
224,300421,6
225,302462,6
225,31612,6
225,300421,3
226,31612,6
227,31612,6
228,31612,6
229,31612,6
230,31612,6
231,31612,6
231,302462,153
231,300421,23
231,32424,6
232,31612,6
232,302462,19
232,300421,6
233,31612,6
234,31612,6
235,31612,6
236,31612,6
237,300421,3
237,302462,3
237,31612,6
237,32424,6
238,32424,12
238,31612,6
238,35563,3
238,302462,45
238,300421,8
239,31612,6
239,302462,3
240,31612,6
241,31612,6
241,8388611,1
241,293117,3
242,31612,6
242,32424,6
242,4444,9
242,302462,48
242,300421,6
242,8388611,8
243,31612,6
244,300421,3
244,31612,6
245,31612,6
246,31612,6
247,32424,12
247,34128,306
247,31612,6
248,34128,156
248,31612,6
249,302462,19
249,300421,19
249,31612,6
250,34128,114
250,31612,6
251,31612,6
251,307540,3
252,31612,6
253,31612,6
254,300421,12
254,8388611,2
254,31612,6
255,34128,72
255,31612,6
256,31612,6
256,293671,3
257,31612,6
258,31612,6
259,31612,6
260,8388611,4
260,31612,6
261,31612,6
262,31612,6
263,31612,6
264,31612,6
265,31612,6
266,31612,6
267,31612,6
268,31612,6
269,31612,6
269,302462,3
269,32424,15
270,32424,6
270,31612,6
271,31612,6
272,31612,6
273,32424,6
273,8388611,1
273,31612,6
274,31612,6
275,8388611,4
275,31612,6
276,32424,6
276,31612,6
277,31612,6
278,31612,6
279,32424,6
279,31612,6
280,31612,6
281,31612,6
282,31612,6
282,32424,6
283,31612,6
284,31612,6
285,300421,3
285,31612,6
286,31612,6
287,31612,6
288,31612,6
289,31612,6
290,31612,6
291,31612,6
291,34128,6
292,34128,72
292,31612,6
293,31612,6
294,34128,6
