Second,Ino,Transactions
0,1251145,27
0,34128,6
1,34128,36
1,31612,6
2,34128,24
2,31612,6
3,34128,12
3,31612,6
4,34128,96
4,31612,6
5,34128,114
5,31612,6
6,34128,36
6,8388611,10
6,31612,6
6,307540,5
6,302462,5
7,34128,18
7,31612,6
8,34128,48
8,31612,6
8,4026532471,3
8,4026532573,3
8,4026532788,3
9,34128,24
9,31612,6
9,301013,3
9,8388611,1
10,34128,36
10,31612,6
11,34128,36
11,31612,6
12,34128,24
12,31612,6
13,31612,6
14,31612,6
14,1287633,3
15,31612,6
16,31612,6
17,34128,12
17,1811938,17
17,1811921,15
17,1811931,75
17,1811933,14
17,1811934,22
17,1811937,16
17,1811935,14
17,8388611,32
17,31612,6
18,31612,6
19,31612,6
20,31612,6
21,31612,6
21,1638477,6
21,302462,3
22,31612,6
23,8388611,2
23,31612,6
24,31612,6
25,31612,6
26,31612,6
27,31612,6
28,31612,6
29,31612,6
30,31612,6
31,1251145,3
31,1251146,3
31,1251148,6
31,1251152,3
31,1251155,6
31,31612,6
32,31612,6
33,31612,6
34,31612,6
35,31612,6
35,34128,30
36,31612,6
37,8388611,4
37,31612,6
37,307540,3
38,31612,6
39,31612,6
40,31612,6
41,31612,6
42,31612,6
43,31612,6
44,31612,6
45,34128,96
45,31612,6
46,34128,120
46,31612,6
47,31612,6
48,8388611,1
48,31612,6
49,31612,6
50,31612,6
51,31612,6
52,1811921,3
52,1811931,3
52,1811933,3
52,1811934,3
52,1811935,3
52,1811937,3
52,31612,6
53,31612,6
54,31612,6
55,31612,6
56,31612,6
57,31612,6
57,34128,126
58,34128,36
58,8388611,2
58,31612,6
59,31612,6
60,31612,6
61,31612,6
62,31612,6
63,31612,6
64,31612,6
65,31612,6
66,31612,6
67,31612,6
68,31612,6
69,31612,6
70,31612,6
71,31612,6
72,31612,6
73,31612,6
74,31612,6
75,31612,6
76,31612,6
76,34128,42
77,34128,138
77,31612,6
78,31612,6
79,31612,6
80,31612,6
81,31612,6
82,31612,6
83,31612,6
84,31612,6
85,31612,6
86,31612,6
87,31612,6
88,31612,6
88,8388611,1
89,31612,6
90,34128,138
90,31612,6
91,34128,6
91,31612,6
92,34128,36
92,31612,6
93,31612,6
94,31612,6
95,31612,6
96,31612,6
97,31612,6
98,31612,6
99,31612,6
100,31612,6
101,31612,6
102,31612,6
103,32424,18
103,31612,6
104,31612,6
105,31612,6
106,31612,6
107,31612,6
108,31612,6
109,31612,6
110,31612,6
111,31612,6
112,31612,6
113,31612,6
114,31612,6
115,31612,6
116,31612,6
117,31612,6
118,31612,6
119,31612,6
120,31612,6
121,31612,6
122,31612,6
123,31612,6
124,31612,6
125,31612,6
126,31612,6
127,31612,6
128,31612,6
129,31612,6
130,31612,6
131,31612,6
132,31612,6
133,31612,6
134,31612,6
135,31612,6
136,31612,6
137,31612,6
138,31612,6
139,31612,6
140,31612,6
141,31612,6
142,31612,6
143,31612,6
144,31612,6
145,31612,6
146,31612,6
147,31612,6
148,31612,6
149,34128,36
149,31612,6
150,31612,6
151,31612,6
152,31612,6
153,31612,6
154,31612,6
155,31612,6
156,31612,6
157,31612,6
158,31612,6
159,31612,6
160,31612,6
161,31612,6
162,31612,6
163,31612,6
164,31612,6
165,31612,6
166,31612,6
167,31612,6
168,31612,6
169,31612,6
170,31612,6
171,31612,6
172,31612,6
172,294793,3
173,31612,6
174,31612,6
175,31612,6
176,31612,6
177,31612,6
178,8388611,2
178,31612,6
179,31612,6
180,31612,6
181,31612,6
182,31612,6
183,31612,6
184,31612,6
185,31612,6
186,31612,6
187,31612,6
188,31612,6
189,31612,6
190,31612,6
191,31612,6
192,31612,6
193,31612,6
194,31612,6
195,31612,6
196,31612,6
197,31612,6
198,31612,6
199,31612,6
200,31612,6
200,32424,12
201,31612,6
201,32424,12
202,31612,6
203,31612,6
203,294793,3
204,31612,6
205,31612,6
206,31612,6
207,31612,6
208,31612,6
209,8388611,1
209,31612,6
210,31612,6
211,31612,6
212,31612,6
213,31612,6
214,31612,6
215,31612,6
216,31612,6
217,31612,6
218,31612,6
219,31612,6
220,31612,6
221,31612,6
222,31612,6
223,31612,6
224,31612,6
225,31612,6
226,31612,6
227,31612,6
228,34128,186
228,31612,6
229,34128,18
229,31612,6
230,31612,6
231,31612,6
232,31612,6
233,31612,6
234,31612,6
235,31612,6
236,31612,6
237,31612,6
238,31612,6
239,31612,6
240,31612,6
241,31612,6
242,31612,6
243,31612,6
244,31612,6
245,31612,6
246,31612,6
247,31612,6
248,31612,6
249,31612,6
250,31612,6
251,31612,6
252,31612,6
253,31612,6
254,31612,6
255,31612,6
256,31612,6
257,31612,6
258,31612,6
259,31612,6
260,31612,6
261,31612,6
262,31612,6
263,31612,6
264,31612,6
265,31612,6
265,299829,5
265,8388611,22
265,293117,3
265,302462,71
265,300421,8
266,302462,3
266,31612,6
267,31612,6
268,31612,6
269,31612,6
270,31612,6
270,300421,3
271,31612,6
272,31612,6
273,31612,6
274,31612,6
275,31612,6
276,31612,6
277,31612,6
278,31612,6
278,293117,5
278,301013,3
278,8388611,2
279,31612,6
280,31612,6
281,31612,6
282,31612,6
283,31612,6
284,31612,6
285,31612,6
286,31612,6
287,31612,6
288,31612,6
289,31612,6
290,31612,6
291,31612,6
292,31612,6
293,31612,6
294,31612,6
295,31612,6
296,31612,6
296,299829,3
296,8388611,1
296,302462,3
297,31612,6
298,31612,6
299,31612,6
300,31612,6
301,31612,6
302,8388611,4
302,31612,6
303,31612,6
304,31612,6
305,31612,6
306,31612,6
307,31612,6
308,31612,6
309,31612,6
310,31612,6
311,31612,6
311,293117,3
312,31612,6
313,31612,6
314,31612,6
315,31612,6
316,31612,6
317,31612,6
318,31612,6
319,31612,6
320,31612,6
321,31612,6
322,31612,6
323,31612,6
324,31612,6
325,31612,6
326,31612,6
327,31612,6
328,31612,6
329,31612,6
330,31612,6
331,31612,6
332,31612,6
332,8388611,1
333,31612,6
334,31612,6
335,31612,6
336,31612,6
337,31612,6
338,31612,6
339,31612,6
340,31612,6
341,31612,6
342,31612,6
343,31612,6
344,31612,6
345,31612,6
346,31612,6
347,31612,6
348,31612,6
349,31612,6
350,31612,6
351,31612,6
352,31612,6
353,31612,6
354,31612,6
355,31612,6
356,31612,6
357,31612,6
358,31612,6
359,31612,6
360,31612,6
361,31612,6
362,31612,6
363,31612,6
364,31612,6
365,31612,6
366,31612,6
367,31612,6
368,31612,6
369,31612,6
370,31612,6
371,31612,6
372,31612,6
373,31612,6
374,31612,6
375,31612,6
376,31612,6
377,31612,6
378,31612,6
379,31612,6
380,31612,6
381,31612,6
382,31612,6
383,31612,6
384,31612,6
385,31612,6
386,31612,6
387,31612,6
388,31612,6
389,31612,6
390,31612,6
391,31612,6
392,31612,6
393,31612,6
394,31612,6
395,31612,6
396,31612,6
397,31612,6
398,31612,6
399,31612,6
400,31612,6
401,31612,6
402,31612,6
403,31612,6
404,31612,6
405,31612,6
406,31612,6
407,31612,6
408,34128,30
408,31612,6
409,31612,6
410,31612,6
411,31612,6
412,31612,6
413,31612,6
414,31612,6
415,31612,6
416,31612,6
417,31612,6
418,31612,6
419,31612,6
420,31612,6
421,31612,6
422,31612,6
423,31612,6
424,31612,6
425,31612,6
426,31612,6
427,31612,6
428,31612,6
429,31612,6
430,31612,6
431,31612,6
432,31612,6
433,31612,6
434,31612,6
435,31612,6
436,31612,6
437,31612,6
438,31612,6
439,31612,6
440,31612,6
441,31612,6
442,31612,6
443,31612,6
444,31612,6
445,31612,6
446,31612,6
447,31612,6
448,31612,6
449,31612,6
450,31612,6
451,31612,6
452,31612,6
453,31612,6
454,31612,6
455,31612,6
456,31612,6
457,32424,12
457,31612,6
458,31612,6
459,31612,6
460,31612,6
461,31612,6
462,31612,6
463,31612,6
464,31612,6
465,31612,6
466,31612,6
467,31612,6
468,31612,6
469,31612,6
470,31612,6
471,31612,6
472,31612,6
473,31612,6
474,31612,6
475,31612,6
476,31612,6
477,31612,6
478,31612,6
479,31612,6
480,31612,6
481,31612,6
482,31612,6
483,31612,6
484,31612,6
485,31612,6
486,31612,6
487,31612,6
488,31612,6
489,31612,6
490,31612,6
491,31612,6
492,31612,6
493,31612,6
494,31612,6
495,31612,6
496,31612,6
496,34128,6
497,34128,138
497,31612,6
498,31612,6
499,31612,6
500,31612,6
501,31612,6
502,31612,6
502,32424,12
503,31612,6
503,32424,12
504,31612,6
505,31612,6
506,31612,6
507,31612,6
508,31612,6
509,31612,6
510,31612,6
511,31612,6
512,31612,6
513,31612,6
514,31612,6
515,31612,6
516,31612,6
517,31612,6
518,31612,6
519,31612,6
520,31612,6
521,31612,6
522,31612,6
523,31612,6
524,31612,6
525,31612,6
526,31612,6
527,31612,6
528,31612,6
529,31612,6
530,31612,6
531,31612,6
532,31612,6
533,31612,6
534,31612,6
535,31612,6
536,31612,6
537,31612,6
538,31612,6
539,31612,6
540,31612,6
541,31612,6
542,31612,6
543,31612,6
544,31612,6
545,31612,6
546,31612,6
547,31612,6
548,31612,6
549,31612,6
550,31612,6
551,31612,6
552,31612,6
553,31612,6
554,31612,6
555,31612,6
556,31612,6
557,31612,6
558,31612,6
559,31612,6
560,31612,6
561,31612,6
562,31612,6
563,31612,6
564,31612,6
565,31612,6
565,302462,5
565,8388611,2
566,31612,6
567,31612,6
568,31612,6
569,31612,6
570,31612,6
571,31612,6
572,31612,6
573,31612,6
574,31612,6
575,31612,6
576,31612,6
577,31612,6
578,31612,6
578,301013,5
578,8388611,16
578,293117,3
579,31612,6
580,31612,6
581,31612,6
582,31612,6
583,31612,6
584,31612,6
585,31612,6
586,31612,6
587,31612,6
588,31612,6
589,31612,6
590,31612,6
591,31612,6
592,31612,6
593,31612,6
594,31612,6
595,31612,6
596,31612,6
596,302462,3
596,8388611,1
597,31612,6
598,31612,6
599,31612,6
600,31612,6
601,31612,6
602,31612,6
603,31612,6
604,31612,6
605,31612,6
606,31612,6
607,31612,6
608,31612,6
609,301013,3
609,31612,6
610,31612,6
611,31612,6
612,31612,6
613,31612,6
614,31612,6
615,31612,6
616,31612,6
617,1811931,11
617,1811921,3
617,31612,6
618,31612,6
619,31612,6
620,31612,6
621,31612,6
622,31612,6
623,8388611,2
623,31612,6
624,31612,6
625,31612,6
626,31612,6
627,31612,6
628,31612,6
628,302462,149
628,300421,26
628,8388611,4
628,32424,6
629,302462,3
629,31612,6
630,302462,14
630,300421,6
630,31612,6
631,31612,6
632,31612,6
633,31612,6
634,300421,3
634,8388611,2
634,31612,6
635,31612,6
636,31612,6
637,31612,6
638,31612,6
639,31612,6
640,32424,6
640,4576,9
640,302462,14
640,300421,8
640,31612,6
641,31612,6
642,31612,6
643,31612,6
644,31612,6
645,300421,3
645,31612,6
646,31612,6
647,31612,6
648,1811931,3
648,1811921,3
648,31612,6
649,31612,6
650,31612,6
651,31612,6
652,31612,6
653,31612,6
653,8388611,1
654,31612,6
655,31612,6
656,31612,6
657,31612,6
658,31612,6
659,31612,6
659,302462,3
660,31612,6
661,31612,6
662,31612,6
663,31612,6
664,31612,6
665,8388611,4
665,31612,6
666,31612,6
667,31612,6
668,31612,6
669,31612,6
670,31612,6
671,31612,6
672,31612,6
673,31612,6
674,31612,6
675,31612,6
676,34128,120
676,31612,6
677,34128,42
677,31612,6
678,34128,42
678,31612,6
678,4026532555,3
678,4026532525,3
678,4026531962,3
678,4026532788,3
679,34128,12
